# Matrix derived from CLUTAL Omega
A C G T U R Y M K S W B D H V N X 
9500  600  700  900  900 2000 2000 2000 2000 2000 2000 2000 2000 2000 2000 2000 2000
 600 4000  300 1200 1200 2000 2000 2000 2000 2000 2000 2000 2000 2000 2000 2000 2000
 700  300 3500  700  700 2000 2000 2000 2000 2000 2000 2000 2000 2000 2000 2000 2000
 900 1200  700 8200 8200 2000 2000 2000 2000 2000 2000 2000 2000 2000 2000 2000 2000
 900 1200  700 8200 8200 2000 2000 2000 2000 2000 2000 2000 2000 2000 2000 2000 2000
2000 2000 2000 2000 2000 2000 2000 2000 2000 2000 2000 2000 2000 2000 2000 2000 2000
2000 2000 2000 2000 2000 2000 2000 2000 2000 2000 2000 2000 2000 2000 2000 2000 2000
2000 2000 2000 2000 2000 2000 2000 2000 2000 2000 2000 2000 2000 2000 2000 2000 2000
2000 2000 2000 2000 2000 2000 2000 2000 2000 2000 2000 2000 2000 2000 2000 2000 2000
2000 2000 2000 2000 2000 2000 2000 2000 2000 2000 2000 2000 2000 2000 2000 2000 2000
2000 2000 2000 2000 2000 2000 2000 2000 2000 2000 2000 2000 2000 2000 2000 2000 2000
2000 2000 2000 2000 2000 2000 2000 2000 2000 2000 2000 2000 2000 2000 2000 2000 2000
2000 2000 2000 2000 2000 2000 2000 2000 2000 2000 2000 2000 2000 2000 2000 2000 2000
2000 2000 2000 2000 2000 2000 2000 2000 2000 2000 2000 2000 2000 2000 2000 2000 2000
2000 2000 2000 2000 2000 2000 2000 2000 2000 2000 2000 2000 2000 2000 2000 2000 2000
2000 2000 2000 2000 2000 2000 2000 2000 2000 2000 2000 2000 2000 2000 2000 2000 2000
2000 2000 2000 2000 2000 2000 2000 2000 2000 2000 2000 2000 2000 2000 2000 2000 2000